13:37:15.052 [main] INFO  eu.stamp.botsing.StackTrace - Exception type is detected: java.lang.ClassCastException
13:37:15.061 [main] INFO  eu.stamp.botsing.StackTrace - Target frame is set to: com.xpn.xwiki.objects.classes.BaseClass.fromMap(BaseClass:413)
13:37:15.061 [main] INFO  eu.stamp.botsing.StackTrace - Target Class is set to: com.xpn.xwiki.objects.classes.BaseClass
13:37:15.062 [main] INFO  eu.stamp.botsing.Botsing - Single_Objective_GGA
13:37:17.781 [main] INFO  e.s.botsing.graphs.cfg.CFGGenerator - Analyzing com.xpn.xwiki.objects.BaseStringProperty
13:37:17.782 [main] INFO  e.s.botsing.graphs.cfg.CFGGenerator - Analyzing com.xpn.xwiki.objects.classes.PropertyClass
13:37:17.782 [main] INFO  e.s.botsing.graphs.cfg.CFGGenerator - Analyzing com.xpn.xwiki.objects.classes.BaseClass
13:37:17.796 [main] INFO  e.stamp.botsing.commons.SetupUtility - Starting the dependency analysis. The number of detected jar files is 566.
13:37:36.060 [main] INFO  e.stamp.botsing.commons.SetupUtility - Analysing dependencies done!
13:37:36.069 [main] INFO  e.s.b.t.s.BotsingIndividualStrategy - test generation strategy: Botsing individual
13:37:36.077 [main] INFO  e.s.b.s.TestCaseSecondaryObjective - Secondary Objectives: BasicBlockCoverage
13:37:36.083 [main] INFO  e.s.b.g.s.GuidedSingleObjectiveGA - Initializing the first population with size of 50 individuals
13:37:49.215 [main] INFO  e.s.b.f.utils.CrashDistanceEvolution - New value for Crash Distance after 1 fitness evolutions and 13 second: 3.5
13:37:50.254 [main] INFO  e.s.b.s.BasicBlockCoverage - *C2*
13:37:50.256 [main] INFO  e.s.b.s.BasicBlockCoverage - *C2*
13:37:50.279 [main] INFO  e.s.b.s.BasicBlockCoverage - *C2*
13:37:50.300 [main] INFO  e.s.b.s.BasicBlockCoverage - *C2*
13:37:50.338 [main] INFO  e.s.b.s.BasicBlockCoverage - *C2*
13:37:50.345 [main] INFO  e.s.b.s.BasicBlockCoverage - *C2*
13:37:50.434 [main] INFO  e.s.b.s.BasicBlockCoverage - *C2*
13:37:50.505 [main] INFO  e.s.b.s.BasicBlockCoverage - *C2*
13:37:50.514 [main] INFO  e.s.b.s.BasicBlockCoverage - *C1*
13:37:50.515 [main] INFO  e.s.b.s.BasicBlockCoverage - *C2*
13:37:50.516 [main] INFO  e.s.b.s.BasicBlockCoverage - *C1*
13:37:50.537 [main] INFO  e.s.b.s.BasicBlockCoverage - *C2*
13:37:50.540 [main] INFO  e.s.b.s.BasicBlockCoverage - *C2*
13:37:50.544 [main] INFO  e.s.b.s.BasicBlockCoverage - *C2*
