18:32:36.307 [main] INFO  eu.stamp.botsing.StackTrace - Exception type is detected: java.lang.NullPointerException
18:32:36.311 [main] INFO  eu.stamp.botsing.StackTrace - Target frame is set to: org.xwiki.observation.internal.DefaultObservationManager.notify(DefaultObservationManager:307)
18:32:36.311 [main] INFO  eu.stamp.botsing.StackTrace - Target Class is set to: org.xwiki.observation.internal.DefaultObservationManager
18:32:36.311 [main] INFO  eu.stamp.botsing.Botsing - Single_Objective_GGA
18:32:37.567 [main] INFO  e.s.botsing.graphs.cfg.CFGGenerator - Analyzing com.xpn.xwiki.internal.template.TemplateListener
18:32:37.568 [main] INFO  e.s.botsing.graphs.cfg.CFGGenerator - Analyzing org.xwiki.observation.internal.DefaultObservationManager
18:32:37.569 [main] WARN  e.s.botsing.graphs.cfg.CFGGenerator - Could not find the cfg of class org.xwiki.observation.internal.DefaultObservationManager, method notify, and line number 307.
18:32:37.570 [main] INFO  e.s.botsing.graphs.cfg.CFGGenerator - could not find any candidate.
18:32:37.570 [main] INFO  e.s.botsing.graphs.cfg.CFGGenerator - Probably, Frame level 2 is an irrelevant frame. We do not count it in the InterProcedural graph
18:32:37.584 [main] INFO  e.stamp.botsing.commons.SetupUtility - Starting the dependency analysis. The number of detected jar files is 577.
18:32:46.705 [main] INFO  e.stamp.botsing.commons.SetupUtility - Analysing dependencies done!
18:32:47.568 [main] INFO  e.s.b.t.s.BotsingIndividualStrategy - test generation strategy: Botsing individual
18:32:47.607 [main] INFO  e.s.b.s.TestCaseSecondaryObjective - Secondary Objectives: BasicBlockCoverage
18:32:47.613 [main] INFO  e.s.b.g.s.GuidedSingleObjectiveGA - Initializing the first population with size of 50 individuals
18:32:48.292 [main] INFO  e.s.b.f.utils.CrashDistanceEvolution - New value for Crash Distance after 1 fitness evolutions and 0 second: 3.75
18:32:48.496 [main] INFO  e.s.b.s.BasicBlockCoverage - *C2*
18:32:48.496 [main] INFO  e.s.b.s.BasicBlockCoverage - *C2*
18:32:48.497 [main] INFO  e.s.b.s.BasicBlockCoverage - *C2*
18:32:48.523 [main] INFO  e.s.b.s.BasicBlockCoverage - *C2*
18:32:48.545 [main] INFO  e.s.b.s.BasicBlockCoverage - *C2*
18:32:48.563 [main] INFO  e.s.b.s.BasicBlockCoverage - *C2*
18:32:48.567 [main] INFO  e.s.b.s.BasicBlockCoverage - *C2*
18:32:48.569 [main] INFO  e.s.b.s.BasicBlockCoverage - *C2*
18:32:48.576 [main] INFO  e.s.b.s.BasicBlockCoverage - *C2*
18:32:48.587 [main] INFO  e.s.b.s.BasicBlockCoverage - *C2*
18:32:48.590 [main] INFO  e.s.b.s.BasicBlockCoverage - *C2*
18:32:48.591 [main] INFO  e.s.b.s.BasicBlockCoverage - *C2*
18:32:48.591 [main] INFO  e.s.b.s.BasicBlockCoverage - *C2*
18:32:48.611 [main] INFO  e.s.b.s.BasicBlockCoverage - *C2*
18:32:48.613 [main] INFO  e.s.b.s.BasicBlockCoverage - *C2*
18:32:48.651 [main] INFO  e.s.b.s.BasicBlockCoverage - *C2*
18:32:48.661 [main] INFO  e.s.b.s.BasicBlockCoverage - *C2*
18:32:48.662 [main] INFO  e.s.b.s.BasicBlockCoverage - *C2*
18:32:48.674 [main] INFO  e.s.b.s.BasicBlockCoverage - *C2*
18:32:48.682 [main] INFO  e.s.b.s.BasicBlockCoverage - *C2*
18:32:48.685 [main] INFO  e.s.b.s.BasicBlockCoverage - *C2*
18:32:48.686 [main] INFO  e.s.b.s.BasicBlockCoverage - *C2*
18:32:48.686 [main] INFO  e.s.b.s.BasicBlockCoverage - *C2*
18:32:48.693 [main] INFO  e.s.b.s.BasicBlockCoverage - *C2*
18:32:48.699 [main] INFO  e.s.b.s.BasicBlockCoverage - *C2*
18:32:48.713 [main] INFO  e.s.b.s.BasicBlockCoverage - *C2*
18:32:48.719 [main] INFO  e.s.b.s.BasicBlockCoverage - *C2*
18:32:48.723 [main] INFO  e.s.b.s.BasicBlockCoverage - *C2*
18:32:48.727 [main] INFO  e.s.b.s.BasicBlockCoverage - *C2*
18:32:48.738 [main] INFO  e.s.b.s.BasicBlockCoverage - *C2*
18:32:48.739 [main] INFO  e.s.b.s.BasicBlockCoverage - *C2*
18:32:48.739 [main] INFO  e.s.b.s.BasicBlockCoverage - *C2*
18:32:48.739 [main] INFO  e.s.b.s.BasicBlockCoverage - *C2*
18:32:48.763 [main] INFO  e.s.b.s.BasicBlockCoverage - *C2*
18:32:48.763 [main] INFO  e.s.b.s.BasicBlockCoverage - *C2*
18:32:48.771 [main] INFO  e.s.b.s.BasicBlockCoverage - *C2*
18:32:48.772 [main] INFO  e.s.b.s.BasicBlockCoverage - *C2*
18:32:48.811 [main] INFO  e.s.b.s.BasicBlockCoverage - *C2*
18:32:48.811 [main] INFO  e.s.b.s.BasicBlockCoverage - *C2*
18:32:48.811 [main] INFO  e.s.b.s.BasicBlockCoverage - *C2*
18:32:48.812 [main] INFO  e.s.b.s.BasicBlockCoverage - *C2*
18:32:48.864 [main] INFO  e.s.b.g.s.GuidedSingleObjectiveGA - Best fitness in the initial population is: 3.75
18:32:48.864 [main] INFO  e.s.b.g.s.GuidedSingleObjectiveGA - Best fitness in the final population is: 3.75. PT: 1 seconds
18:32:48.864 [main] INFO  e.s.b.g.s.GuidedSingleObjectiveGA - Starting evolution
18:32:48.883 [main] INFO  e.s.b.s.BasicBlockCoverage - *C2*
18:32:48.910 [main] INFO  e.s.b.s.BasicBlockCoverage - *C2*
18:32:48.910 [main] INFO  e.s.b.s.BasicBlockCoverage - *C2*
18:32:48.950 [main] INFO  e.s.b.s.BasicBlockCoverage - *C2*
18:32:48.951 [main] INFO  e.s.b.s.BasicBlockCoverage - *C2*
18:32:49.000 [main] INFO  e.s.b.s.BasicBlockCoverage - *C2*
18:32:49.019 [main] INFO  e.s.b.s.BasicBlockCoverage - *C2*
18:32:49.019 [main] INFO  e.s.b.s.BasicBlockCoverage - *C2*
18:32:49.035 [main] INFO  e.s.b.s.BasicBlockCoverage - *C2*
18:32:49.035 [main] INFO  e.s.b.s.BasicBlockCoverage - *C2*
18:32:49.068 [main] INFO  e.s.b.s.BasicBlockCoverage - *C2*
18:32:49.075 [main] INFO  e.s.b.s.BasicBlockCoverage - *C2*
18:32:49.075 [main] INFO  e.s.b.s.BasicBlockCoverage - *C2*
18:32:49.122 [main] INFO  e.s.b.s.BasicBlockCoverage - *C2*
18:32:49.123 [main] INFO  e.s.b.s.BasicBlockCoverage - *C2*
18:32:49.143 [main] INFO  e.s.b.s.BasicBlockCoverage - *C2*
18:32:49.144 [main] INFO  e.s.b.s.BasicBlockCoverage - *C2*
18:32:49.156 [main] INFO  e.s.b.s.BasicBlockCoverage - *C2*
18:32:49.164 [main] INFO  e.s.b.s.BasicBlockCoverage - *C2*
18:32:49.175 [main] INFO  e.s.b.s.BasicBlockCoverage - *C2*
18:32:49.199 [main] INFO  e.s.b.s.BasicBlockCoverage - *C2*
18:32:49.219 [main] INFO  e.s.b.s.BasicBlockCoverage - *C2*
18:32:49.221 [main] INFO  e.s.b.s.BasicBlockCoverage - *C2*
18:32:49.222 [main] INFO  e.s.b.s.BasicBlockCoverage - *C2*
18:32:49.222 [main] INFO  e.s.b.s.BasicBlockCoverage - *C2*
18:32:49.223 [main] INFO  e.s.b.s.BasicBlockCoverage - *C2*
18:32:49.224 [main] INFO  e.s.b.s.BasicBlockCoverage - *C2*
18:32:49.237 [main] INFO  e.s.b.s.BasicBlockCoverage - *C2*
18:32:49.250 [main] INFO  e.s.b.s.BasicBlockCoverage - *C2*
18:32:49.253 [main] INFO  e.s.b.s.BasicBlockCoverage - *C2*
18:32:49.255 [main] INFO  e.s.b.s.BasicBlockCoverage - *C2*
18:32:49.255 [main] INFO  e.s.b.s.BasicBlockCoverage - *C2*
18:32:49.256 [main] INFO  e.s.b.s.BasicBlockCoverage - *C2*
18:32:49.270 [main] INFO  e.s.b.s.BasicBlockCoverage - *C2*
18:32:49.270 [main] INFO  e.s.b.s.BasicBlockCoverage - *C2*
18:32:49.271 [main] INFO  e.s.b.s.BasicBlockCoverage - *C2*
18:32:49.276 [main] INFO  e.s.b.s.BasicBlockCoverage - *C2*
18:32:49.282 [main] INFO  e.s.b.s.BasicBlockCoverage - *C2*
18:32:49.285 [main] INFO  e.s.b.s.BasicBlockCoverage - *C2*
18:32:49.295 [main] INFO  e.s.b.s.BasicBlockCoverage - *C2*
18:32:49.300 [main] INFO  e.s.b.s.BasicBlockCoverage - *C2*
18:32:49.300 [main] INFO  e.s.b.s.BasicBlockCoverage - *C2*
18:32:49.300 [main] INFO  e.s.b.s.BasicBlockCoverage - *C2*
18:32:49.306 [main] INFO  e.s.b.s.BasicBlockCoverage - *C2*
18:32:49.307 [main] INFO  e.s.b.s.BasicBlockCoverage - *C2*
18:32:49.309 [main] INFO  e.s.b.s.BasicBlockCoverage - *C2*
18:32:49.314 [main] INFO  e.s.b.s.BasicBlockCoverage - *C2*
18:32:49.318 [main] INFO  e.s.b.s.BasicBlockCoverage - *C2*
18:32:49.320 [main] INFO  e.s.b.s.BasicBlockCoverage - *C2*
18:32:49.334 [main] INFO  e.s.b.s.BasicBlockCoverage - *C2*
18:32:49.338 [main] INFO  e.s.b.s.BasicBlockCoverage - *C2*
18:32:49.342 [main] INFO  e.s.b.s.BasicBlockCoverage - *C2*
18:32:49.346 [main] INFO  e.s.b.s.BasicBlockCoverage - *C2*
18:32:49.346 [main] INFO  e.s.b.s.BasicBlockCoverage - *C2*
18:32:49.346 [main] INFO  e.s.b.s.BasicBlockCoverage - *C2*
18:32:49.346 [main] INFO  e.s.b.s.BasicBlockCoverage - *C2*
18:32:49.351 [main] INFO  e.s.b.s.BasicBlockCoverage - *C2*
18:32:49.354 [main] INFO  e.s.b.s.BasicBlockCoverage - *C2*
18:32:49.367 [main] INFO  e.s.b.s.BasicBlockCoverage - *C2*
18:32:49.367 [main] INFO  e.s.b.s.BasicBlockCoverage - *C2*
18:32:49.368 [main] INFO  e.s.b.s.BasicBlockCoverage - *C2*
18:32:49.391 [main] INFO  e.s.b.s.BasicBlockCoverage - *C2*
18:32:49.391 [main] INFO  e.s.b.s.BasicBlockCoverage - *C2*
18:32:49.410 [main] INFO  e.s.b.g.s.GuidedSingleObjectiveGA - Best fitness in the current population: 3.75 | 100
18:32:49.420 [main] INFO  e.s.b.s.BasicBlockCoverage - *C2*
18:32:49.429 [main] INFO  e.s.b.s.BasicBlockCoverage - *C2*
18:32:49.429 [main] INFO  e.s.b.s.BasicBlockCoverage - *C2*
18:32:49.441 [main] INFO  e.s.b.s.BasicBlockCoverage - *C2*
18:32:49.452 [main] INFO  e.s.b.s.BasicBlockCoverage - *C2*
18:32:49.464 [main] INFO  e.s.b.s.BasicBlockCoverage - *C2*
18:32:49.464 [main] INFO  e.s.b.s.BasicBlockCoverage - *C2*
18:32:49.483 [main] INFO  e.s.b.s.BasicBlockCoverage - *C2*
18:32:49.484 [main] INFO  e.s.b.s.BasicBlockCoverage - *C2*
18:32:49.492 [main] INFO  e.s.b.s.BasicBlockCoverage - *C2*
18:32:49.492 [main] INFO  e.s.b.s.BasicBlockCoverage - *C2*
18:32:49.497 [main] INFO  e.s.b.s.BasicBlockCoverage - *C2*
18:32:49.551 [main] INFO  e.s.b.s.BasicBlockCoverage - *C2*
18:32:49.568 [main] INFO  e.s.b.s.BasicBlockCoverage - *C2*
18:32:49.568 [main] INFO  e.s.b.s.BasicBlockCoverage - *C2*
18:32:49.580 [main] INFO  e.s.b.s.BasicBlockCoverage - *C2*
18:32:49.580 [main] INFO  e.s.b.s.BasicBlockCoverage - *C2*
18:32:49.585 [main] INFO  e.s.b.s.BasicBlockCoverage - *C2*
18:32:49.586 [main] INFO  e.s.b.s.BasicBlockCoverage - *C2*
18:32:49.590 [main] INFO  e.s.b.s.BasicBlockCoverage - *C2*
18:32:49.609 [main] INFO  e.s.b.s.BasicBlockCoverage - *C2*
18:32:49.609 [main] INFO  e.s.b.s.BasicBlockCoverage - *C2*
18:32:49.615 [main] INFO  e.s.b.s.BasicBlockCoverage - *C2*
18:32:49.628 [main] INFO  e.s.b.s.BasicBlockCoverage - *C2*
18:32:49.635 [main] INFO  e.s.b.s.BasicBlockCoverage - *C2*
18:32:49.635 [main] INFO  e.s.b.s.BasicBlockCoverage - *C2*
18:32:49.643 [main] INFO  e.s.b.s.BasicBlockCoverage - *C2*
18:32:49.643 [main] INFO  e.s.b.s.BasicBlockCoverage - *C2*
18:32:49.654 [main] INFO  e.s.b.s.BasicBlockCoverage - *C2*
18:32:49.675 [main] INFO  e.s.b.s.BasicBlockCoverage - *C2*
18:32:49.679 [main] INFO  e.s.b.s.BasicBlockCoverage - *C2*
18:32:49.680 [main] INFO  e.s.b.s.BasicBlockCoverage - *C2*
18:32:49.687 [main] INFO  e.s.b.s.BasicBlockCoverage - *C2*
18:32:49.695 [main] INFO  e.s.b.s.BasicBlockCoverage - *C2*
18:32:49.697 [main] INFO  e.s.b.s.BasicBlockCoverage - *C2*
18:32:49.697 [main] INFO  e.s.b.s.BasicBlockCoverage - *C2*
18:32:49.698 [main] INFO  e.s.b.s.BasicBlockCoverage - *C2*
18:32:49.708 [main] INFO  e.s.b.s.BasicBlockCoverage - *C2*
18:32:49.708 [main] INFO  e.s.b.s.BasicBlockCoverage - *C2*
18:32:49.710 [main] INFO  e.s.b.s.BasicBlockCoverage - *C2*
18:32:49.711 [main] INFO  e.s.b.s.BasicBlockCoverage - *C2*
18:32:49.711 [main] INFO  e.s.b.s.BasicBlockCoverage - *C2*
18:32:49.713 [main] INFO  e.s.b.s.BasicBlockCoverage - *C2*
18:32:49.720 [main] INFO  e.s.b.s.BasicBlockCoverage - *C2*
18:32:49.721 [main] INFO  e.s.b.s.BasicBlockCoverage - *C2*
18:32:49.725 [main] INFO  e.s.b.s.BasicBlockCoverage - *C2*
18:32:49.728 [main] INFO  e.s.b.s.BasicBlockCoverage - *C2*
18:32:49.728 [main] INFO  e.s.b.s.BasicBlockCoverage - *C2*
18:32:49.734 [main] INFO  e.s.b.s.BasicBlockCoverage - *C2*
18:32:49.742 [main] INFO  e.s.b.s.BasicBlockCoverage - *C2*
18:32:49.753 [main] INFO  e.s.b.s.BasicBlockCoverage - *C2*
18:32:49.757 [main] INFO  e.s.b.s.BasicBlockCoverage - *C2*
18:32:49.759 [main] INFO  e.s.b.s.BasicBlockCoverage - *C2*
18:32:49.766 [main] INFO  e.s.b.s.BasicBlockCoverage - *C2*
18:32:49.766 [main] INFO  e.s.b.s.BasicBlockCoverage - *C2*
18:32:49.766 [main] INFO  e.s.b.s.BasicBlockCoverage - *C2*
18:32:49.767 [main] INFO  e.s.b.s.BasicBlockCoverage - *C2*
18:32:49.770 [main] INFO  e.s.b.s.BasicBlockCoverage - *C2*
18:32:49.772 [main] INFO  e.s.b.s.BasicBlockCoverage - *C2*
18:32:49.772 [main] INFO  e.s.b.s.BasicBlockCoverage - *C2*
18:32:49.776 [main] INFO  e.s.b.s.BasicBlockCoverage - *C2*
18:32:49.776 [main] INFO  e.s.b.s.BasicBlockCoverage - *C2*
18:32:49.777 [main] INFO  e.s.b.s.BasicBlockCoverage - *C2*
18:32:49.782 [main] INFO  e.s.b.s.BasicBlockCoverage - *C2*
18:32:49.787 [main] INFO  e.s.b.s.BasicBlockCoverage - *C2*
18:32:49.788 [main] INFO  e.s.b.s.BasicBlockCoverage - *C2*
18:32:49.788 [main] INFO  e.s.b.s.BasicBlockCoverage - *C2*
18:32:49.789 [main] INFO  e.s.b.s.BasicBlockCoverage - *C2*
18:32:49.791 [main] INFO  e.s.b.s.BasicBlockCoverage - *C2*
18:32:49.816 [main] INFO  e.s.b.s.BasicBlockCoverage - *C2*
18:32:49.831 [main] INFO  e.s.b.s.BasicBlockCoverage - *C2*
18:32:49.857 [main] INFO  e.s.b.g.s.GuidedSingleObjectiveGA - Best fitness in the current population: 3.75 | 150
18:32:49.863 [main] INFO  e.s.b.s.BasicBlockCoverage - *C2*
18:32:49.876 [main] INFO  e.s.b.s.BasicBlockCoverage - *C2*
18:32:49.902 [main] INFO  e.s.b.s.BasicBlockCoverage - *C2*
18:32:49.920 [main] INFO  e.s.b.s.BasicBlockCoverage - *C2*
18:32:49.924 [main] INFO  e.s.b.s.BasicBlockCoverage - *C2*
18:32:49.931 [main] INFO  e.s.b.s.BasicBlockCoverage - *C2*
18:32:49.938 [main] INFO  e.s.b.s.BasicBlockCoverage - *C2*
18:32:49.938 [main] INFO  e.s.b.s.BasicBlockCoverage - *C2*
18:32:49.944 [main] INFO  e.s.b.s.BasicBlockCoverage - *C2*
18:32:49.949 [main] INFO  e.s.b.s.BasicBlockCoverage - *C2*
18:32:49.949 [main] INFO  e.s.b.s.BasicBlockCoverage - *C2*
18:32:49.953 [main] INFO  e.s.b.s.BasicBlockCoverage - *C2*
18:32:49.953 [main] INFO  e.s.b.s.BasicBlockCoverage - *C2*
18:32:49.961 [main] INFO  e.s.b.s.BasicBlockCoverage - *C2*
18:32:49.961 [main] INFO  e.s.b.s.BasicBlockCoverage - *C2*
18:32:50.010 [main] INFO  e.s.b.s.BasicBlockCoverage - *C2*
18:32:50.053 [main] INFO  e.s.b.s.BasicBlockCoverage - *C2*
18:32:50.059 [main] INFO  e.s.b.s.BasicBlockCoverage - *C2*
18:32:50.059 [main] INFO  e.s.b.s.BasicBlockCoverage - *C2*
18:32:50.063 [main] INFO  e.s.b.s.BasicBlockCoverage - *C2*
18:32:50.069 [main] INFO  e.s.b.s.BasicBlockCoverage - *C2*
18:32:50.070 [main] INFO  e.s.b.s.BasicBlockCoverage - *C2*
18:32:50.079 [main] INFO  e.s.b.s.BasicBlockCoverage - *C2*
18:32:50.085 [main] INFO  e.s.b.s.BasicBlockCoverage - *C2*
18:32:50.164 [main] INFO  e.s.b.s.BasicBlockCoverage - *C2*
18:32:50.169 [main] INFO  e.s.b.s.BasicBlockCoverage - *C2*
18:32:50.177 [main] INFO  e.s.b.s.BasicBlockCoverage - *C2*
18:32:50.182 [main] INFO  e.s.b.s.BasicBlockCoverage - *C2*
18:32:50.190 [main] INFO  e.s.b.s.BasicBlockCoverage - *C2*
18:32:50.196 [main] INFO  e.s.b.s.BasicBlockCoverage - *C2*
18:32:50.200 [main] INFO  e.s.b.s.BasicBlockCoverage - *C2*
18:32:50.220 [main] INFO  e.s.b.s.BasicBlockCoverage - *C2*
18:32:50.220 [main] INFO  e.s.b.s.BasicBlockCoverage - *C2*
18:32:50.221 [main] INFO  e.s.b.s.BasicBlockCoverage - *C2*
18:32:50.234 [main] INFO  e.s.b.s.BasicBlockCoverage - *C2*
18:32:50.234 [main] INFO  e.s.b.s.BasicBlockCoverage - *C2*
18:32:50.235 [main] INFO  e.s.b.s.BasicBlockCoverage - *C2*
18:32:50.235 [main] INFO  e.s.b.s.BasicBlockCoverage - *C2*
18:32:50.241 [main] INFO  e.s.b.s.BasicBlockCoverage - *C2*
18:32:50.242 [main] INFO  e.s.b.s.BasicBlockCoverage - *C2*
18:32:50.243 [main] INFO  e.s.b.s.BasicBlockCoverage - *C2*
18:32:50.243 [main] INFO  e.s.b.s.BasicBlockCoverage - *C2*
18:32:50.243 [main] INFO  e.s.b.s.BasicBlockCoverage - *C2*
18:32:50.274 [main] INFO  e.s.b.s.BasicBlockCoverage - *C2*
18:32:50.275 [main] INFO  e.s.b.s.BasicBlockCoverage - *C2*
18:32:50.276 [main] INFO  e.s.b.s.BasicBlockCoverage - *C2*
18:32:50.278 [main] INFO  e.s.b.s.BasicBlockCoverage - *C2*
18:32:50.278 [main] INFO  e.s.b.s.BasicBlockCoverage - *C2*
18:32:50.278 [main] INFO  e.s.b.s.BasicBlockCoverage - *C2*
18:32:50.305 [main] INFO  e.s.b.s.BasicBlockCoverage - *C2*
18:32:50.363 [main] INFO  e.s.b.s.BasicBlockCoverage - *C2*
18:32:50.426 [main] INFO  e.s.b.s.BasicBlockCoverage - *C2*
18:32:50.427 [main] INFO  e.s.b.s.BasicBlockCoverage - *C2*
18:32:50.427 [main] INFO  e.s.b.s.BasicBlockCoverage - *C2*
18:32:50.427 [main] INFO  e.s.b.s.BasicBlockCoverage - *C2*
18:32:50.432 [main] INFO  e.s.b.g.s.GuidedSingleObjectiveGA - Best fitness in the current population: 3.75 | 200
18:32:50.437 [main] INFO  e.s.b.s.BasicBlockCoverage - *C2*
18:32:50.437 [main] INFO  e.s.b.s.BasicBlockCoverage - *C2*
18:32:50.458 [main] INFO  e.s.b.s.BasicBlockCoverage - *C2*
18:32:50.464 [main] INFO  e.s.b.s.BasicBlockCoverage - *C2*
18:32:50.469 [main] INFO  e.s.b.s.BasicBlockCoverage - *C2*
18:32:50.475 [main] INFO  e.s.b.s.BasicBlockCoverage - *C2*
18:32:50.486 [main] INFO  e.s.b.s.BasicBlockCoverage - *C2*
18:32:50.570 [main] INFO  e.s.b.s.BasicBlockCoverage - *C2*
18:32:50.586 [main] INFO  e.s.b.s.BasicBlockCoverage - *C2*
18:32:50.608 [main] INFO  e.s.b.s.BasicBlockCoverage - *C2*
18:32:50.630 [main] INFO  e.s.b.s.BasicBlockCoverage - *C2*
18:32:50.640 [main] INFO  e.s.b.s.BasicBlockCoverage - *C2*
18:32:50.651 [main] INFO  e.s.b.s.BasicBlockCoverage - *C2*
18:32:50.668 [main] INFO  e.s.b.s.BasicBlockCoverage - *C2*
18:32:50.682 [main] INFO  e.s.b.s.BasicBlockCoverage - *C2*
18:32:50.727 [main] INFO  e.s.b.s.BasicBlockCoverage - *C2*
18:32:50.732 [main] INFO  e.s.b.s.BasicBlockCoverage - *C2*
18:32:50.740 [main] INFO  e.s.b.s.BasicBlockCoverage - *C2*
18:32:50.744 [main] INFO  e.s.b.s.BasicBlockCoverage - *C2*
18:32:50.752 [main] INFO  e.s.b.s.BasicBlockCoverage - *C2*
18:32:50.756 [main] INFO  e.s.b.s.BasicBlockCoverage - *C2*
18:32:50.756 [main] INFO  e.s.b.s.BasicBlockCoverage - *C2*
18:32:50.764 [main] INFO  e.s.b.s.BasicBlockCoverage - *C2*
18:32:50.826 [main] INFO  e.s.b.s.BasicBlockCoverage - *C2*
18:32:50.835 [main] INFO  e.s.b.s.BasicBlockCoverage - *C2*
18:32:50.842 [main] INFO  e.s.b.s.BasicBlockCoverage - *C2*
18:32:50.964 [main] INFO  e.s.b.s.BasicBlockCoverage - *C2*
18:32:50.964 [main] INFO  e.s.b.s.BasicBlockCoverage - *C2*
18:32:50.964 [main] INFO  e.s.b.s.BasicBlockCoverage - *C2*
18:32:50.968 [main] INFO  e.s.b.s.BasicBlockCoverage - *C2*
18:32:50.973 [main] INFO  e.s.b.s.BasicBlockCoverage - *C2*
18:32:50.973 [main] INFO  e.s.b.s.BasicBlockCoverage - *C2*
18:32:50.973 [main] INFO  e.s.b.s.BasicBlockCoverage - *C2*
18:32:50.982 [main] INFO  e.s.b.s.BasicBlockCoverage - *C2*
18:32:51.001 [main] INFO  e.s.b.s.BasicBlockCoverage - *C2*
18:32:51.001 [main] INFO  e.s.b.s.BasicBlockCoverage - *C2*
18:32:51.026 [main] INFO  e.s.b.g.s.GuidedSingleObjectiveGA - Best fitness in the current population: 3.75 | 250
18:32:51.035 [main] INFO  e.s.b.s.BasicBlockCoverage - *C2*
18:32:51.045 [main] INFO  e.s.b.s.BasicBlockCoverage - *C2*
18:32:51.057 [main] INFO  e.s.b.s.BasicBlockCoverage - *C2*
18:32:51.063 [main] INFO  e.s.b.s.BasicBlockCoverage - *C2*
18:32:51.067 [main] INFO  e.s.b.s.BasicBlockCoverage - *C2*
18:32:51.071 [main] INFO  e.s.b.s.BasicBlockCoverage - *C2*
18:32:51.078 [main] INFO  e.s.b.s.BasicBlockCoverage - *C2*
18:32:51.082 [main] INFO  e.s.b.s.BasicBlockCoverage - *C2*
18:32:51.087 [main] INFO  e.s.b.s.BasicBlockCoverage - *C2*
18:32:51.098 [main] INFO  e.s.b.s.BasicBlockCoverage - *C2*
18:32:51.104 [main] INFO  e.s.b.s.BasicBlockCoverage - *C2*
18:32:51.112 [main] INFO  e.s.b.s.BasicBlockCoverage - *C2*
18:32:51.120 [main] INFO  e.s.b.s.BasicBlockCoverage - *C2*
18:32:51.123 [main] INFO  e.s.b.s.BasicBlockCoverage - *C2*
18:32:51.129 [main] INFO  e.s.b.s.BasicBlockCoverage - *C2*
18:32:51.136 [main] INFO  e.s.b.s.BasicBlockCoverage - *C2*
18:32:51.150 [main] INFO  e.s.b.s.BasicBlockCoverage - *C2*
18:32:51.157 [main] INFO  e.s.b.s.BasicBlockCoverage - *C2*
18:32:51.160 [main] INFO  e.s.b.s.BasicBlockCoverage - *C2*
18:32:51.162 [main] INFO  e.s.b.s.BasicBlockCoverage - *C2*
18:32:51.171 [main] INFO  e.s.b.s.BasicBlockCoverage - *C2*
18:32:51.176 [main] INFO  e.s.b.s.BasicBlockCoverage - *C2*
18:32:51.181 [main] INFO  e.s.b.s.BasicBlockCoverage - *C2*
18:32:51.189 [main] INFO  e.s.b.s.BasicBlockCoverage - *C2*
18:32:51.193 [main] INFO  e.s.b.s.BasicBlockCoverage - *C2*
18:32:51.194 [main] INFO  e.s.b.s.BasicBlockCoverage - *C2*
18:32:51.194 [main] INFO  e.s.b.s.BasicBlockCoverage - *C2*
18:32:51.194 [main] INFO  e.s.b.s.BasicBlockCoverage - *C2*
18:32:51.195 [main] INFO  e.s.b.s.BasicBlockCoverage - *C2*
18:32:51.196 [main] INFO  e.s.b.s.BasicBlockCoverage - *C2*
18:32:51.196 [main] INFO  e.s.b.s.BasicBlockCoverage - *C2*
18:32:51.197 [main] INFO  e.s.b.s.BasicBlockCoverage - *C2*
18:32:51.206 [main] INFO  e.s.b.s.BasicBlockCoverage - *C2*
18:32:51.206 [main] INFO  e.s.b.s.BasicBlockCoverage - *C2*
18:32:51.208 [main] INFO  e.s.b.s.BasicBlockCoverage - *C2*
18:32:51.208 [main] INFO  e.s.b.s.BasicBlockCoverage - *C2*
18:32:51.210 [main] INFO  e.s.b.s.BasicBlockCoverage - *C2*
18:32:51.210 [main] INFO  e.s.b.s.BasicBlockCoverage - *C2*
18:32:51.214 [main] INFO  e.s.b.s.BasicBlockCoverage - *C2*
18:32:51.214 [main] INFO  e.s.b.s.BasicBlockCoverage - *C2*
18:32:51.233 [main] INFO  e.s.b.s.BasicBlockCoverage - *C2*
18:32:51.233 [main] INFO  e.s.b.s.BasicBlockCoverage - *C2*
18:32:51.235 [main] INFO  e.s.b.s.BasicBlockCoverage - *C2*
18:32:51.235 [main] INFO  e.s.b.s.BasicBlockCoverage - *C2*
18:32:51.237 [main] INFO  e.s.b.s.BasicBlockCoverage - *C2*
18:32:51.241 [main] INFO  e.s.b.s.BasicBlockCoverage - *C2*
18:32:51.256 [main] INFO  e.s.b.s.BasicBlockCoverage - *C2*
18:32:51.258 [main] INFO  e.s.b.s.BasicBlockCoverage - *C2*
18:32:51.277 [main] INFO  e.s.b.s.BasicBlockCoverage - *C2*
18:32:51.357 [main] INFO  e.s.b.s.BasicBlockCoverage - *C2*
18:32:51.358 [main] INFO  e.s.b.s.BasicBlockCoverage - *C2*
18:32:51.358 [main] INFO  e.s.b.s.BasicBlockCoverage - *C2*
18:32:51.358 [main] INFO  e.s.b.s.BasicBlockCoverage - *C2*
18:32:51.358 [main] INFO  e.s.b.s.BasicBlockCoverage - *C2*
18:32:51.358 [main] INFO  e.s.b.s.BasicBlockCoverage - *C2*
18:32:51.361 [main] INFO  e.s.b.g.s.GuidedSingleObjectiveGA - Best fitness in the current population: 3.75 | 300
18:32:51.373 [main] INFO  e.s.b.s.BasicBlockCoverage - *C2*
18:32:51.381 [main] INFO  e.s.b.s.BasicBlockCoverage - *C2*
18:32:51.387 [main] INFO  e.s.b.s.BasicBlockCoverage - *C2*
18:32:51.409 [main] INFO  e.s.b.s.BasicBlockCoverage - *C2*
18:32:51.431 [main] INFO  e.s.b.s.BasicBlockCoverage - *C2*
18:32:51.437 [main] INFO  e.s.b.s.BasicBlockCoverage - *C2*
18:32:51.444 [main] INFO  e.s.b.s.BasicBlockCoverage - *C2*
18:32:51.449 [main] INFO  e.s.b.s.BasicBlockCoverage - *C2*
18:32:51.458 [main] INFO  e.s.b.s.BasicBlockCoverage - *C2*
18:32:51.469 [main] INFO  e.s.b.s.BasicBlockCoverage - *C2*
18:32:51.474 [main] INFO  e.s.b.s.BasicBlockCoverage - *C2*
18:32:51.483 [main] INFO  e.s.b.s.BasicBlockCoverage - *C2*
18:32:51.488 [main] INFO  e.s.b.s.BasicBlockCoverage - *C2*
18:32:51.495 [main] INFO  e.s.b.s.BasicBlockCoverage - *C2*
18:32:51.510 [main] INFO  e.s.b.s.BasicBlockCoverage - *C2*
18:32:51.519 [main] INFO  e.s.b.s.BasicBlockCoverage - *C2*
18:32:51.524 [main] INFO  e.s.b.s.BasicBlockCoverage - *C2*
18:32:51.528 [main] INFO  e.s.b.s.BasicBlockCoverage - *C2*
18:32:51.538 [main] INFO  e.s.b.s.BasicBlockCoverage - *C2*
18:32:51.543 [main] INFO  e.s.b.s.BasicBlockCoverage - *C2*
18:32:51.551 [main] INFO  e.s.b.s.BasicBlockCoverage - *C2*
18:32:51.554 [main] INFO  e.s.b.s.BasicBlockCoverage - *C2*
18:32:51.554 [main] INFO  e.s.b.s.BasicBlockCoverage - *C2*
18:32:51.565 [main] INFO  e.s.b.s.BasicBlockCoverage - *C2*
18:32:51.593 [main] INFO  e.s.b.s.BasicBlockCoverage - *C2*
18:32:51.597 [main] INFO  e.s.b.s.BasicBlockCoverage - *C2*
18:32:51.606 [main] INFO  e.s.b.s.BasicBlockCoverage - *C2*
18:32:51.606 [main] INFO  e.s.b.s.BasicBlockCoverage - *C2*
18:32:51.609 [main] INFO  e.s.b.s.BasicBlockCoverage - *C2*
18:32:51.652 [main] INFO  e.s.b.s.BasicBlockCoverage - *C2*
18:32:51.653 [main] INFO  e.s.b.s.BasicBlockCoverage - *C2*
18:32:51.653 [main] INFO  e.s.b.s.BasicBlockCoverage - *C2*
18:32:51.654 [main] INFO  e.s.b.s.BasicBlockCoverage - *C2*
18:32:51.679 [main] INFO  e.s.b.s.BasicBlockCoverage - *C2*
18:32:51.679 [main] INFO  e.s.b.s.BasicBlockCoverage - *C2*
18:32:51.680 [main] INFO  e.s.b.s.BasicBlockCoverage - *C2*
18:32:51.684 [main] INFO  e.s.b.s.BasicBlockCoverage - *C2*
18:32:51.684 [main] INFO  e.s.b.s.BasicBlockCoverage - *C2*
18:32:51.685 [main] INFO  e.s.b.s.BasicBlockCoverage - *C2*
18:32:51.687 [main] INFO  e.s.b.s.BasicBlockCoverage - *C2*
18:32:51.687 [main] INFO  e.s.b.s.BasicBlockCoverage - *C2*
18:32:51.688 [main] INFO  e.s.b.s.BasicBlockCoverage - *C2*
18:32:51.698 [main] INFO  e.s.b.s.BasicBlockCoverage - *C2*
18:32:51.699 [main] INFO  e.s.b.s.BasicBlockCoverage - *C2*
18:32:51.738 [main] INFO  e.s.b.s.BasicBlockCoverage - *C2*
18:32:51.739 [main] INFO  e.s.b.s.BasicBlockCoverage - *C2*
18:32:51.739 [main] INFO  e.s.b.s.BasicBlockCoverage - *C2*
18:32:51.741 [main] INFO  e.s.b.g.s.GuidedSingleObjectiveGA - Best fitness in the current population: 3.75 | 350
18:32:51.758 [main] INFO  e.s.b.s.BasicBlockCoverage - *C2*
18:32:51.784 [main] INFO  e.s.b.s.BasicBlockCoverage - *C2*
18:32:51.808 [main] INFO  e.s.b.s.BasicBlockCoverage - *C2*
18:32:51.812 [main] INFO  e.s.b.s.BasicBlockCoverage - *C2*
18:32:51.850 [main] INFO  e.s.b.s.BasicBlockCoverage - *C2*
18:32:51.862 [main] INFO  e.s.b.s.BasicBlockCoverage - *C2*
18:32:51.894 [main] INFO  e.s.b.s.BasicBlockCoverage - *C2*
18:32:51.944 [main] INFO  e.s.b.s.BasicBlockCoverage - *C2*
18:32:51.971 [main] INFO  e.s.b.s.BasicBlockCoverage - *C2*
18:32:51.987 [main] INFO  e.s.b.s.BasicBlockCoverage - *C2*
18:32:52.007 [main] INFO  e.s.b.s.BasicBlockCoverage - *C2*
18:32:52.009 [main] INFO  e.s.b.s.BasicBlockCoverage - *C2*
18:32:52.040 [main] INFO  e.s.b.s.BasicBlockCoverage - *C2*
18:32:52.040 [main] INFO  e.s.b.s.BasicBlockCoverage - *C2*
18:32:52.045 [main] INFO  e.s.b.s.BasicBlockCoverage - *C2*
18:32:52.049 [main] INFO  e.s.b.s.BasicBlockCoverage - *C2*
18:32:52.065 [main] INFO  e.s.b.s.BasicBlockCoverage - *C2*
18:32:52.086 [main] INFO  e.s.b.s.BasicBlockCoverage - *C2*
18:32:52.145 [main] INFO  e.s.b.s.BasicBlockCoverage - *C2*
18:32:52.212 [main] INFO  e.s.b.s.BasicBlockCoverage - *C2*
18:32:52.213 [main] INFO  e.s.b.s.BasicBlockCoverage - *C2*
18:32:52.213 [main] INFO  e.s.b.s.BasicBlockCoverage - *C2*
18:32:52.213 [main] INFO  e.s.b.s.BasicBlockCoverage - *C2*
18:32:52.224 [main] INFO  e.s.b.s.BasicBlockCoverage - *C2*
18:32:52.226 [main] INFO  e.s.b.s.BasicBlockCoverage - *C2*
18:32:52.239 [main] INFO  e.s.b.s.BasicBlockCoverage - *C2*
18:32:52.239 [main] INFO  e.s.b.s.BasicBlockCoverage - *C2*
18:32:52.239 [main] INFO  e.s.b.s.BasicBlockCoverage - *C2*
18:32:52.242 [main] INFO  e.s.b.s.BasicBlockCoverage - *C2*
18:32:52.242 [main] INFO  e.s.b.s.BasicBlockCoverage - *C2*
18:32:52.243 [main] INFO  e.s.b.s.BasicBlockCoverage - *C2*
18:32:52.250 [main] INFO  e.s.b.s.BasicBlockCoverage - *C2*
18:32:52.250 [main] INFO  e.s.b.s.BasicBlockCoverage - *C2*
18:32:52.255 [main] INFO  e.s.b.s.BasicBlockCoverage - *C2*
18:32:52.255 [main] INFO  e.s.b.s.BasicBlockCoverage - *C2*
18:32:52.259 [main] INFO  e.s.b.s.BasicBlockCoverage - *C2*
18:32:52.259 [main] INFO  e.s.b.s.BasicBlockCoverage - *C2*
18:32:52.261 [main] INFO  e.s.b.s.BasicBlockCoverage - *C2*
18:32:52.262 [main] INFO  e.s.b.s.BasicBlockCoverage - *C2*
18:32:52.263 [main] INFO  e.s.b.s.BasicBlockCoverage - *C2*
18:32:52.269 [main] INFO  e.s.b.s.BasicBlockCoverage - *C2*
18:32:52.269 [main] INFO  e.s.b.s.BasicBlockCoverage - *C2*
18:32:52.286 [main] INFO  e.s.b.g.s.GuidedSingleObjectiveGA - Best fitness in the current population: 3.75 | 400
18:32:52.321 [main] INFO  e.s.b.s.BasicBlockCoverage - *C2*
18:32:52.327 [main] INFO  e.s.b.s.BasicBlockCoverage - *C2*
18:32:52.342 [main] INFO  e.s.b.s.BasicBlockCoverage - *C2*
18:32:52.353 [main] INFO  e.s.b.s.BasicBlockCoverage - *C2*
18:32:52.357 [main] INFO  e.s.b.s.BasicBlockCoverage - *C2*
18:32:52.357 [main] INFO  e.s.b.s.BasicBlockCoverage - *C2*
18:32:52.364 [main] INFO  e.s.b.f.utils.CrashDistanceEvolution - New value for Crash Distance after 423 fitness evolutions and 4 second: 1.75
18:32:52.960 [main] INFO  e.s.b.g.s.GuidedSingleObjectiveGA - Best fitness in the current population: 1.75 | 450
18:32:52.961 [main] INFO  e.s.b.g.s.GuidedSingleObjectiveGA - Best fitness in the final population is: 1.75. PT: 5 seconds
18:32:53.332 [main] INFO  e.s.b.g.s.GuidedSingleObjectiveGA - Best fitness in the current population: 1.75 | 500
18:32:53.696 [main] INFO  e.s.b.g.s.GuidedSingleObjectiveGA - Best fitness in the current population: 1.75 | 550
18:32:54.053 [main] INFO  e.s.b.g.s.GuidedSingleObjectiveGA - Best fitness in the current population: 1.75 | 600
18:32:54.898 [main] INFO  e.s.b.g.s.GuidedSingleObjectiveGA - Best fitness in the current population: 1.75 | 650
18:32:55.273 [main] INFO  e.s.b.g.s.GuidedSingleObjectiveGA - Best fitness in the current population: 1.75 | 700
18:32:55.581 [main] INFO  e.s.b.g.s.GuidedSingleObjectiveGA - Best fitness in the current population: 1.75 | 750
18:32:55.933 [main] INFO  e.s.b.g.s.GuidedSingleObjectiveGA - Best fitness in the current population: 1.75 | 800
18:32:56.315 [main] INFO  e.s.b.g.s.GuidedSingleObjectiveGA - Best fitness in the current population: 1.75 | 850
18:32:56.625 [main] INFO  e.s.b.g.s.GuidedSingleObjectiveGA - Best fitness in the current population: 1.75 | 900
18:32:57.007 [main] INFO  e.s.b.g.s.GuidedSingleObjectiveGA - Best fitness in the current population: 1.75 | 950
18:32:57.380 [main] INFO  e.s.b.g.s.GuidedSingleObjectiveGA - Best fitness in the current population: 1.75 | 1000
18:32:57.799 [main] INFO  e.s.b.g.s.GuidedSingleObjectiveGA - Best fitness in the current population: 1.75 | 1050
18:32:58.221 [main] INFO  e.s.b.g.s.GuidedSingleObjectiveGA - Best fitness in the current population: 1.75 | 1100
18:32:58.785 [main] INFO  e.s.b.g.s.GuidedSingleObjectiveGA - Best fitness in the current population: 1.75 | 1150
18:32:59.369 [main] INFO  e.s.b.g.s.GuidedSingleObjectiveGA - Best fitness in the current population: 1.75 | 1200
18:32:59.769 [main] INFO  e.s.b.g.s.GuidedSingleObjectiveGA - Best fitness in the current population: 1.75 | 1250
18:33:00.503 [main] INFO  e.s.b.g.s.GuidedSingleObjectiveGA - Best fitness in the current population: 1.75 | 1300
18:33:01.384 [main] INFO  e.s.b.g.s.GuidedSingleObjectiveGA - Best fitness in the current population: 1.75 | 1350
18:33:01.788 [main] INFO  e.s.b.g.s.GuidedSingleObjectiveGA - Best fitness in the current population: 1.75 | 1400
18:33:02.228 [main] INFO  e.s.b.g.s.GuidedSingleObjectiveGA - Best fitness in the current population: 1.75 | 1450
18:33:02.638 [main] INFO  e.s.b.g.s.GuidedSingleObjectiveGA - Best fitness in the current population: 1.75 | 1500
18:33:03.134 [main] INFO  e.s.b.g.s.GuidedSingleObjectiveGA - Best fitness in the current population: 1.75 | 1550
18:33:03.684 [main] INFO  e.s.b.g.s.GuidedSingleObjectiveGA - Best fitness in the current population: 1.75 | 1600
18:33:04.302 [main] INFO  e.s.b.g.s.GuidedSingleObjectiveGA - Best fitness in the current population: 1.75 | 1650
18:33:04.956 [main] INFO  e.s.b.g.s.GuidedSingleObjectiveGA - Best fitness in the current population: 1.75 | 1700
18:33:05.521 [main] INFO  e.s.b.g.s.GuidedSingleObjectiveGA - Best fitness in the current population: 1.75 | 1750
18:33:05.918 [main] INFO  e.s.b.g.s.GuidedSingleObjectiveGA - Best fitness in the current population: 1.75 | 1800
18:33:06.371 [main] INFO  e.s.b.g.s.GuidedSingleObjectiveGA - Best fitness in the current population: 1.75 | 1850
18:33:06.885 [main] INFO  e.s.b.g.s.GuidedSingleObjectiveGA - Best fitness in the current population: 1.75 | 1900
18:33:07.308 [main] INFO  e.s.b.g.s.GuidedSingleObjectiveGA - Best fitness in the current population: 1.75 | 1950
18:33:07.780 [main] INFO  e.s.b.g.s.GuidedSingleObjectiveGA - Best fitness in the current population: 1.75 | 2000
18:33:08.729 [main] INFO  e.s.b.g.s.GuidedSingleObjectiveGA - Best fitness in the current population: 1.75 | 2050
18:33:09.239 [main] INFO  e.s.b.g.s.GuidedSingleObjectiveGA - Best fitness in the current population: 1.75 | 2100
18:33:09.726 [main] INFO  e.s.b.g.s.GuidedSingleObjectiveGA - Best fitness in the current population: 1.75 | 2150
18:33:10.108 [main] INFO  e.s.b.g.s.GuidedSingleObjectiveGA - Best fitness in the current population: 1.75 | 2200
18:33:11.104 [main] INFO  e.s.b.g.s.GuidedSingleObjectiveGA - Best fitness in the current population: 1.75 | 2250
18:33:11.496 [main] INFO  e.s.b.g.s.GuidedSingleObjectiveGA - Best fitness in the current population: 1.75 | 2300
18:33:11.985 [main] INFO  e.s.b.g.s.GuidedSingleObjectiveGA - Best fitness in the current population: 1.75 | 2350
18:33:12.400 [main] INFO  e.s.b.g.s.GuidedSingleObjectiveGA - Best fitness in the current population: 1.75 | 2400
18:33:12.860 [main] INFO  e.s.b.g.s.GuidedSingleObjectiveGA - Best fitness in the current population: 1.75 | 2450
18:33:13.211 [main] INFO  e.s.b.g.s.GuidedSingleObjectiveGA - Best fitness in the current population: 1.75 | 2500
18:33:13.614 [main] INFO  e.s.b.g.s.GuidedSingleObjectiveGA - Best fitness in the current population: 1.75 | 2550
18:33:14.073 [main] INFO  e.s.b.g.s.GuidedSingleObjectiveGA - Best fitness in the current population: 1.75 | 2600
18:33:14.432 [main] INFO  e.s.b.g.s.GuidedSingleObjectiveGA - Best fitness in the current population: 1.75 | 2650
18:33:14.878 [main] INFO  e.s.b.g.s.GuidedSingleObjectiveGA - Best fitness in the current population: 1.75 | 2700
18:33:15.231 [main] INFO  e.s.b.g.s.GuidedSingleObjectiveGA - Best fitness in the current population: 1.75 | 2750
18:33:15.622 [main] INFO  e.s.b.g.s.GuidedSingleObjectiveGA - Best fitness in the current population: 1.75 | 2800
18:33:15.997 [main] INFO  e.s.b.g.s.GuidedSingleObjectiveGA - Best fitness in the current population: 1.75 | 2850
18:33:16.492 [main] INFO  e.s.b.g.s.GuidedSingleObjectiveGA - Best fitness in the current population: 1.75 | 2900
18:33:16.996 [main] INFO  e.s.b.g.s.GuidedSingleObjectiveGA - Best fitness in the current population: 1.75 | 2950
18:33:17.435 [main] INFO  e.s.b.g.s.GuidedSingleObjectiveGA - Best fitness in the current population: 1.75 | 3000
18:33:17.837 [main] INFO  e.s.b.g.s.GuidedSingleObjectiveGA - Best fitness in the current population: 1.75 | 3050
18:33:18.204 [main] INFO  e.s.b.g.s.GuidedSingleObjectiveGA - Best fitness in the current population: 1.75 | 3100
18:33:18.602 [main] INFO  e.s.b.g.s.GuidedSingleObjectiveGA - Best fitness in the current population: 1.75 | 3150
18:33:18.976 [main] INFO  e.s.b.g.s.GuidedSingleObjectiveGA - Best fitness in the current population: 1.75 | 3200
18:33:19.319 [main] INFO  e.s.b.g.s.GuidedSingleObjectiveGA - Best fitness in the current population: 1.75 | 3250
18:33:19.734 [main] INFO  e.s.b.g.s.GuidedSingleObjectiveGA - Best fitness in the current population: 1.75 | 3300
18:33:20.242 [main] INFO  e.s.b.g.s.GuidedSingleObjectiveGA - Best fitness in the current population: 1.75 | 3350
18:33:20.721 [main] INFO  e.s.b.g.s.GuidedSingleObjectiveGA - Best fitness in the current population: 1.75 | 3400
18:33:21.039 [main] INFO  e.s.b.g.s.GuidedSingleObjectiveGA - Best fitness in the current population: 1.75 | 3450
18:33:21.380 [main] INFO  e.s.b.g.s.GuidedSingleObjectiveGA - Best fitness in the current population: 1.75 | 3500
18:33:21.760 [main] INFO  e.s.b.g.s.GuidedSingleObjectiveGA - Best fitness in the current population: 1.75 | 3550
18:33:22.054 [main] INFO  e.s.b.g.s.GuidedSingleObjectiveGA - Best fitness in the current population: 1.75 | 3600
18:33:22.335 [main] INFO  e.s.b.g.s.GuidedSingleObjectiveGA - Best fitness in the current population: 1.75 | 3650
18:33:22.869 [main] INFO  e.s.b.g.s.GuidedSingleObjectiveGA - Best fitness in the current population: 1.75 | 3700
18:33:23.279 [main] INFO  e.s.b.g.s.GuidedSingleObjectiveGA - Best fitness in the current population: 1.75 | 3750
18:33:23.765 [main] INFO  e.s.b.g.s.GuidedSingleObjectiveGA - Best fitness in the current population: 1.75 | 3800
18:33:24.325 [main] INFO  e.s.b.g.s.GuidedSingleObjectiveGA - Best fitness in the current population: 1.75 | 3850
18:33:24.634 [main] INFO  e.s.b.g.s.GuidedSingleObjectiveGA - Best fitness in the current population: 1.75 | 3900
18:33:24.925 [main] INFO  e.s.b.g.s.GuidedSingleObjectiveGA - Best fitness in the current population: 1.75 | 3950
18:33:25.198 [main] INFO  e.s.b.g.s.GuidedSingleObjectiveGA - Best fitness in the current population: 1.75 | 4000
18:33:25.447 [main] INFO  e.s.b.g.s.GuidedSingleObjectiveGA - Best fitness in the current population: 1.75 | 4050
18:33:25.799 [main] INFO  e.s.b.g.s.GuidedSingleObjectiveGA - Best fitness in the current population: 1.75 | 4100
18:33:26.106 [main] INFO  e.s.b.g.s.GuidedSingleObjectiveGA - Best fitness in the current population: 1.75 | 4150
18:33:26.378 [main] INFO  e.s.b.g.s.GuidedSingleObjectiveGA - Best fitness in the current population: 1.75 | 4200
18:33:26.625 [main] INFO  e.s.b.g.s.GuidedSingleObjectiveGA - Best fitness in the current population: 1.75 | 4250
18:33:26.873 [main] INFO  e.s.b.g.s.GuidedSingleObjectiveGA - Best fitness in the current population: 1.75 | 4300
18:33:27.115 [main] INFO  e.s.b.g.s.GuidedSingleObjectiveGA - Best fitness in the current population: 1.75 | 4350
18:33:27.305 [main] INFO  e.s.b.g.s.GuidedSingleObjectiveGA - Best fitness in the current population: 1.75 | 4400
18:33:27.509 [main] INFO  e.s.b.g.s.GuidedSingleObjectiveGA - Best fitness in the current population: 1.75 | 4450
18:33:27.694 [main] INFO  e.s.b.g.s.GuidedSingleObjectiveGA - Best fitness in the current population: 1.75 | 4500
18:33:27.982 [main] INFO  e.s.b.g.s.GuidedSingleObjectiveGA - Best fitness in the current population: 1.75 | 4550
18:33:28.260 [main] INFO  e.s.b.g.s.GuidedSingleObjectiveGA - Best fitness in the current population: 1.75 | 4600
18:33:28.522 [main] INFO  e.s.b.g.s.GuidedSingleObjectiveGA - Best fitness in the current population: 1.75 | 4650
18:33:28.774 [main] INFO  e.s.b.g.s.GuidedSingleObjectiveGA - Best fitness in the current population: 1.75 | 4700
18:33:28.981 [main] INFO  e.s.b.g.s.GuidedSingleObjectiveGA - Best fitness in the current population: 1.75 | 4750
18:33:29.226 [main] INFO  e.s.b.g.s.GuidedSingleObjectiveGA - Best fitness in the current population: 1.75 | 4800
18:33:29.450 [main] INFO  e.s.b.g.s.GuidedSingleObjectiveGA - Best fitness in the current population: 1.75 | 4850
18:33:29.732 [main] INFO  e.s.b.g.s.GuidedSingleObjectiveGA - Best fitness in the current population: 1.75 | 4900
18:33:30.294 [main] INFO  e.s.b.g.s.GuidedSingleObjectiveGA - Best fitness in the current population: 1.75 | 4950
18:33:30.743 [main] INFO  e.s.b.g.s.GuidedSingleObjectiveGA - Best fitness in the current population: 1.75 | 5000
18:33:31.371 [main] INFO  e.s.b.g.s.GuidedSingleObjectiveGA - Best fitness in the current population: 1.75 | 5050
18:33:31.780 [main] INFO  e.s.b.g.s.GuidedSingleObjectiveGA - Best fitness in the current population: 1.75 | 5100
18:33:32.083 [main] INFO  e.s.b.g.s.GuidedSingleObjectiveGA - Best fitness in the current population: 1.75 | 5150
18:33:32.422 [main] INFO  e.s.b.g.s.GuidedSingleObjectiveGA - Best fitness in the current population: 1.75 | 5200
18:33:32.765 [main] INFO  e.s.b.g.s.GuidedSingleObjectiveGA - Best fitness in the current population: 1.75 | 5250
18:33:33.287 [main] INFO  e.s.b.g.s.GuidedSingleObjectiveGA - Best fitness in the current population: 1.75 | 5300
18:33:33.777 [main] INFO  e.s.b.g.s.GuidedSingleObjectiveGA - Best fitness in the current population: 1.75 | 5350
18:33:34.287 [main] INFO  e.s.b.g.s.GuidedSingleObjectiveGA - Best fitness in the current population: 1.75 | 5400
18:33:34.835 [main] INFO  e.s.b.g.s.GuidedSingleObjectiveGA - Best fitness in the current population: 1.75 | 5450
18:33:35.444 [main] INFO  e.s.b.g.s.GuidedSingleObjectiveGA - Best fitness in the current population: 1.75 | 5500
18:33:35.850 [main] INFO  e.s.b.g.s.GuidedSingleObjectiveGA - Best fitness in the current population: 1.75 | 5550
